AFR	0.724882	0	22
NAT	0.724882	1	22
EUR	0.724882	2	22
NAT	0.724882	3	22
EUR	0.029540	4	22
NAT	0.267936	4	22
EUR	0.027894	4	22
NAT	0.117468	4	22
AFR	0.011103	4	22
NAT	0.270941	4	22
AFR	0.196924	5	22
NAT	0.527958	5	22
EUR	0.165740	6	22
AFR	0.016452	6	22
NAT	0.542689	6	22
EUR	0.091268	7	22
NAT	0.633614	7	22
NAT	0.311659	8	22
EUR	0.197087	8	22
NAT	0.216137	8	22
EUR	0.042351	9	22
NAT	0.188143	9	22
EUR	0.192470	9	22
NAT	0.301917	9	22
EUR	0.356037	10	22
AFR	0.368845	10	22
NAT	0.114524	11	22
EUR	0.256519	11	22
AFR	0.013506	11	22
EUR	0.340333	11	22
NAT	0.002855	12	22
EUR	0.722027	12	22
NAT	0.724882	13	22
NAT	0.671082	14	22
EUR	0.004621	14	22
NAT	0.049179	14	22
NAT	0.010569	15	22
EUR	0.107995	15	22
AFR	0.196106	15	22
NAT	0.410211	15	22
AFR	0.198020	16	22
EUR	0.128820	16	22
NAT	0.211924	16	22
EUR	0.186119	16	22
EUR	0.006386	17	22
NAT	0.718496	17	22
NAT	0.724882	18	22
NAT	0.724882	19	22
AFR	0.173231	20	22
NAT	0.072072	20	22
AFR	0.451337	20	22
EUR	0.028243	20	22
AFR	0.531686	21	22
EUR	0.004805	21	22
AFR	0.188391	21	22
EUR	0.724882	22	22
EUR	0.166482	23	22
NAT	0.007189	23	22
AFR	0.040667	23	22
NAT	0.058769	23	22
AFR	0.065652	23	22
EUR	0.386123	23	22
EUR	0.027165	24	22
NAT	0.133683	24	22
AFR	0.054688	24	22
NAT	0.509346	24	22
NAT	0.724882	25	22
NAT	0.039417	26	22
EUR	0.389346	26	22
AFR	0.073145	26	22
EUR	0.018707	26	22
NAT	0.009413	26	22
AFR	0.194855	26	22
NAT	0.212473	27	22
AFR	0.512409	27	22
EUR	0.425123	28	22
AFR	0.038338	28	22
EUR	0.261421	28	22
NAT	0.106140	29	22
EUR	0.169550	29	22
AFR	0.111307	29	22
EUR	0.130335	29	22
AFR	0.006697	29	22
EUR	0.066268	29	22
NAT	0.134586	29	22
EUR	0.083816	30	22
NAT	0.039635	30	22
EUR	0.000766	30	22
AFR	0.600665	30	22
AFR	0.724882	31	22
AFR	0.158218	32	22
EUR	0.377268	32	22
NAT	0.189397	32	22
AFR	0.724882	33	22
AFR	0.724882	34	22
NAT	0.724882	35	22
NAT	0.343006	36	22
EUR	0.001947	36	22
AFR	0.016170	36	22
NAT	0.179116	36	22
AFR	0.184643	36	22
NAT	0.029031	37	22
AFR	0.465122	37	22
EUR	0.172493	37	22
AFR	0.058236	37	22
NAT	0.724882	38	22
EUR	0.031949	39	22
AFR	0.091139	39	22
NAT	0.201854	39	22
EUR	0.087790	39	22
NAT	0.090846	39	22
AFR	0.022086	39	22
NAT	0.199217	39	22
NAT	0.167744	40	22
AFR	0.153504	40	22
NAT	0.403634	40	22
NAT	0.045034	41	22
AFR	0.679848	41	22
NAT	0.724882	42	22
EUR	0.461749	43	22
AFR	0.263133	43	22
AFR	0.724882	44	22
NAT	0.401599	45	22
AFR	0.045081	45	22
NAT	0.278202	45	22
NAT	0.724882	46	22
EUR	0.097776	47	22
AFR	0.627106	47	22
AFR	0.724882	48	22
AFR	0.120988	49	22
NAT	0.139334	49	22
AFR	0.464560	49	22
AFR	0.656821	50	22
NAT	0.068061	50	22
NAT	0.316422	51	22
AFR	0.325282	51	22
NAT	0.083178	51	22
AFR	0.070326	52	22
EUR	0.185455	52	22
NAT	0.469101	52	22
EUR	0.159473	53	22
NAT	0.565409	53	22
NAT	0.088816	54	22
EUR	0.227126	54	22
NAT	0.215138	54	22
AFR	0.019370	54	22
NAT	0.174432	54	22
EUR	0.319001	55	22
NAT	0.405881	55	22
EUR	0.419259	56	22
NAT	0.305623	56	22
AFR	0.724882	57	22
AFR	0.724882	58	22
NAT	0.724882	59	22
NAT	0.724882	60	22
NAT	0.012804	61	22
EUR	0.139527	61	22
AFR	0.027384	61	22
NAT	0.477296	61	22
AFR	0.067871	61	22
AFR	0.724882	62	22
NAT	0.724882	63	22
NAT	0.061589	64	22
EUR	0.225627	64	22
NAT	0.437666	64	22
NAT	0.724882	65	22
AFR	0.724882	66	22
NAT	0.245735	67	22
EUR	0.049735	67	22
NAT	0.124047	67	22
AFR	0.184818	67	22
NAT	0.120548	67	22
AFR	0.173845	68	22
EUR	0.551037	68	22
EUR	0.456021	69	22
NAT	0.106915	69	22
EUR	0.161946	69	22
EUR	0.300094	70	22
NAT	0.025006	70	22
AFR	0.028094	70	22
NAT	0.001354	70	22
EUR	0.120748	70	22
NAT	0.108335	70	22
EUR	0.014128	70	22
AFR	0.127123	70	22
NAT	0.724882	71	22
AFR	0.009622	72	22
NAT	0.606917	72	22
AFR	0.108343	72	22
AFR	0.093805	73	22
NAT	0.393194	73	22
AFR	0.049402	73	22
NAT	0.188481	73	22
EUR	0.724882	74	22
EUR	0.069548	75	22
NAT	0.143040	75	22
AFR	0.512293	75	22
EUR	0.047936	76	22
AFR	0.025824	76	22
NAT	0.034759	76	22
AFR	0.081496	76	22
EUR	0.283773	76	22
NAT	0.054378	76	22
EUR	0.196716	76	22
AFR	0.525500	77	22
EUR	0.037962	77	22
NAT	0.161419	77	22
EUR	0.362564	78	22
NAT	0.362318	78	22
NAT	0.281113	79	22
AFR	0.016729	79	22
EUR	0.427039	79	22
NAT	0.724882	80	22
AFR	0.358231	81	22
EUR	0.028646	81	22
NAT	0.130080	81	22
AFR	0.207925	81	22
AFR	0.724882	82	22
AFR	0.724882	83	22
AFR	0.147271	84	22
EUR	0.294578	84	22
AFR	0.283033	84	22
NAT	0.724882	85	22
AFR	0.359422	86	22
NAT	0.365460	86	22
NAT	0.455465	87	22
AFR	0.082381	87	22
NAT	0.187036	87	22
NAT	0.003647	88	22
EUR	0.156167	88	22
AFR	0.016575	88	22
NAT	0.548493	88	22
NAT	0.339052	89	22
EUR	0.111459	89	22
NAT	0.072509	89	22
EUR	0.106118	89	22
NAT	0.095744	89	22
NAT	0.724882	90	22
NAT	0.415275	91	22
EUR	0.309607	91	22
AFR	0.539152	92	22
EUR	0.185730	92	22
NAT	0.724882	93	22
NAT	0.724882	94	22
EUR	0.068076	95	22
NAT	0.099443	95	22
AFR	0.047689	95	22
EUR	0.137254	95	22
NAT	0.329195	95	22
AFR	0.011672	95	22
NAT	0.031553	95	22
AFR	0.724882	96	22
NAT	0.724882	97	22
NAT	0.724882	98	22
NAT	0.530327	99	22
AFR	0.194555	99	22
EUR	0.526154	100	22
NAT	0.198728	100	22
AFR	0.724882	101	22
AFR	0.724882	102	22
AFR	0.724882	103	22
NAT	0.724882	104	22
EUR	0.115616	105	22
NAT	0.609266	105	22
EUR	0.724882	106	22
NAT	0.078570	107	22
EUR	0.516692	107	22
NAT	0.129620	107	22
AFR	0.724882	108	22
NAT	0.724882	109	22
NAT	0.075390	110	22
EUR	0.068634	110	22
NAT	0.093990	110	22
EUR	0.139303	110	22
NAT	0.289077	110	22
EUR	0.024833	110	22
NAT	0.003910	110	22
EUR	0.029745	110	22
AFR	0.724882	111	22
EUR	0.069094	112	22
AFR	0.068207	112	22
NAT	0.587582	112	22
EUR	0.330389	113	22
NAT	0.154421	113	22
EUR	0.105820	113	22
NAT	0.134253	113	22
AFR	0.724882	114	22
EUR	0.311800	115	22
NAT	0.047505	115	22
EUR	0.165201	115	22
NAT	0.061312	115	22
AFR	0.003272	115	22
NAT	0.085471	115	22
EUR	0.050321	115	22
NAT	0.204278	116	22
EUR	0.044511	116	22
NAT	0.173748	116	22
EUR	0.302345	116	22
EUR	0.500022	117	22
AFR	0.224860	117	22
AFR	0.001663	118	22
EUR	0.354386	118	22
NAT	0.035273	118	22
EUR	0.055798	118	22
AFR	0.277762	118	22
NAT	0.479840	119	22
EUR	0.086072	119	22
NAT	0.158969	119	22
EUR	0.232033	120	22
AFR	0.492849	120	22
NAT	0.612088	121	22
EUR	0.112794	121	22
NAT	0.087602	122	22
EUR	0.041454	122	22
NAT	0.157049	122	22
AFR	0.166456	122	22
NAT	0.081077	122	22
EUR	0.113129	122	22
NAT	0.078114	122	22
EUR	0.090851	123	22
NAT	0.143661	123	22
EUR	0.308838	123	22
NAT	0.108461	123	22
AFR	0.073070	123	22
NAT	0.319792	124	22
AFR	0.405090	124	22
NAT	0.244692	125	22
AFR	0.075082	125	22
NAT	0.112746	125	22
AFR	0.292362	125	22
NAT	0.724882	126	22
AFR	0.244101	127	22
NAT	0.010066	127	22
EUR	0.283465	127	22
NAT	0.187250	127	22
NAT	0.724882	128	22
AFR	0.186961	129	22
EUR	0.289063	129	22
NAT	0.094011	129	22
AFR	0.154847	129	22
NAT	0.180966	130	22
EUR	0.354026	130	22
NAT	0.189890	130	22
NAT	0.069803	131	22
EUR	0.655079	131	22
NAT	0.724882	132	22
NAT	0.150910	133	22
AFR	0.358363	133	22
NAT	0.215609	133	22
NAT	0.010460	134	22
EUR	0.491912	134	22
NAT	0.041315	134	22
EUR	0.004029	134	22
NAT	0.177166	134	22
EUR	0.042090	135	22
NAT	0.108466	135	22
EUR	0.018572	135	22
NAT	0.258284	135	22
EUR	0.297469	135	22
NAT	0.724882	136	22
NAT	0.724882	137	22
NAT	0.059664	138	22
AFR	0.011724	138	22
EUR	0.066455	138	22
AFR	0.070397	138	22
NAT	0.516642	138	22
EUR	0.724882	139	22
NAT	0.217167	140	22
EUR	0.064253	140	22
NAT	0.443461	140	22
EUR	0.007597	141	22
NAT	0.169720	141	22
AFR	0.029390	141	22
NAT	0.022378	141	22
AFR	0.001213	141	22
NAT	0.494584	141	22
NAT	0.093312	142	22
AFR	0.058459	142	22
EUR	0.305902	142	22
AFR	0.151252	142	22
NAT	0.115957	142	22
NAT	0.724882	143	22
NAT	0.228474	144	22
EUR	0.173540	144	22
NAT	0.322868	144	22
NAT	0.098621	145	22
AFR	0.626261	145	22
EUR	0.724882	146	22
AFR	0.029986	147	22
NAT	0.018864	147	22
AFR	0.347693	147	22
NAT	0.068008	147	22
AFR	0.260331	147	22
NAT	0.724882	148	22
NAT	0.724882	149	22
EUR	0.090519	150	22
NAT	0.075856	150	22
EUR	0.558507	150	22
AFR	0.724882	151	22
NAT	0.724882	152	22
NAT	0.060709	153	22
AFR	0.664173	153	22
AFR	0.052834	154	22
EUR	0.313346	154	22
NAT	0.358702	154	22
AFR	0.062020	155	22
EUR	0.356699	155	22
AFR	0.168616	155	22
NAT	0.137546	155	22
EUR	0.327011	156	22
NAT	0.167427	156	22
EUR	0.230444	156	22
AFR	0.724882	157	22
EUR	0.193897	158	22
AFR	0.530985	158	22
NAT	0.724882	159	22
AFR	0.192008	160	22
NAT	0.448127	160	22
EUR	0.084747	160	22
NAT	0.067544	161	22
EUR	0.346174	161	22
NAT	0.014180	161	22
EUR	0.155274	161	22
AFR	0.078270	161	22
NAT	0.063440	161	22
NAT	0.049786	162	22
EUR	0.675096	162	22
NAT	0.724882	163	22
EUR	0.214988	164	22
AFR	0.248093	164	22
EUR	0.261802	164	22
NAT	0.005787	165	22
EUR	0.289861	165	22
NAT	0.429234	165	22
AFR	0.535785	166	22
NAT	0.029251	166	22
EUR	0.159846	166	22
EUR	0.724882	167	22
NAT	0.724882	168	22
AFR	0.724882	169	22
EUR	0.195535	170	22
AFR	0.529347	170	22
EUR	0.724882	171	22
NAT	0.724882	172	22
NAT	0.724882	173	22
NAT	0.212407	174	22
AFR	0.212141	174	22
NAT	0.300334	174	22
NAT	0.068356	175	22
EUR	0.004124	175	22
NAT	0.097798	175	22
EUR	0.167688	175	22
NAT	0.095280	175	22
EUR	0.291636	175	22
NAT	0.724882	176	22
NAT	0.399061	177	22
EUR	0.325821	177	22
AFR	0.012211	178	22
NAT	0.019108	178	22
AFR	0.166647	178	22
NAT	0.055974	178	22
EUR	0.025551	178	22
AFR	0.445390	178	22
AFR	0.124302	179	22
NAT	0.600580	179	22
AFR	0.010838	180	22
NAT	0.225940	180	22
EUR	0.488105	180	22
EUR	0.265011	181	22
AFR	0.029888	181	22
EUR	0.015673	181	22
AFR	0.059067	181	22
EUR	0.002636	181	22
NAT	0.034292	181	22
EUR	0.063537	181	22
AFR	0.050464	181	22
NAT	0.032414	181	22
EUR	0.171899	181	22
AFR	0.130009	182	22
NAT	0.019958	182	22
AFR	0.574915	182	22
AFR	0.724882	183	22
AFR	0.380598	184	22
EUR	0.344284	184	22
NAT	0.197013	185	22
AFR	0.006421	185	22
NAT	0.174594	185	22
AFR	0.346854	185	22
AFR	0.724882	186	22
NAT	0.724882	187	22
NAT	0.047539	188	22
EUR	0.127448	188	22
NAT	0.047546	188	22
EUR	0.502349	188	22
EUR	0.055068	189	22
NAT	0.021596	189	22
EUR	0.056610	189	22
NAT	0.591608	189	22
AFR	0.298960	190	22
EUR	0.006244	190	22
NAT	0.038679	190	22
EUR	0.136971	190	22
NAT	0.133545	190	22
EUR	0.062678	190	22
AFR	0.012125	190	22
EUR	0.035681	190	22
NAT	0.724882	191	22
AFR	0.724882	192	22
NAT	0.724882	193	22
AFR	0.724882	194	22
NAT	0.724882	195	22
AFR	0.015698	196	22
NAT	0.042876	196	22
EUR	0.019256	196	22
NAT	0.035470	196	22
EUR	0.024071	196	22
NAT	0.428894	196	22
AFR	0.055479	196	22
NAT	0.103138	196	22
AFR	0.093921	197	22
EUR	0.630961	197	22
NAT	0.724882	198	22
EUR	0.326757	199	22
NAT	0.168697	199	22
EUR	0.229427	199	22
