AFR	0.026391	0	22
NAT	0.063020	0	22
AFR	0.368715	0	22
NAT	0.266755	0	22
EUR	0.140279	1	22
AFR	0.128365	1	22
EUR	0.112132	1	22
AFR	0.344106	1	22
EUR	0.164197	2	22
NAT	0.099064	2	22
AFR	0.461621	2	22
EUR	0.208535	3	22
AFR	0.361077	3	22
EUR	0.010101	3	22
AFR	0.032765	3	22
NAT	0.112404	3	22
AFR	0.190675	4	22
EUR	0.054942	4	22
AFR	0.479265	4	22
NAT	0.123808	5	22
AFR	0.127555	5	22
EUR	0.033158	5	22
AFR	0.082899	5	22
NAT	0.240604	5	22
AFR	0.003827	5	22
EUR	0.113031	5	22
NAT	0.001848	6	22
EUR	0.106394	6	22
AFR	0.036029	6	22
NAT	0.046022	6	22
EUR	0.025530	6	22
AFR	0.036443	6	22
NAT	0.013086	6	22
EUR	0.026536	6	22
NAT	0.335991	6	22
EUR	0.097003	6	22
AFR	0.215782	7	22
NAT	0.244805	7	22
AFR	0.264295	7	22
AFR	0.235843	8	22
EUR	0.090458	8	22
NAT	0.056089	8	22
AFR	0.080019	8	22
NAT	0.175242	8	22
AFR	0.087231	8	22
AFR	0.078271	9	22
NAT	0.010442	9	22
AFR	0.060722	9	22
NAT	0.043060	9	22
AFR	0.532388	9	22
AFR	0.007439	10	22
NAT	0.087376	10	22
AFR	0.166940	10	22
NAT	0.000908	10	22
AFR	0.252898	10	22
NAT	0.104280	10	22
AFR	0.105040	10	22
AFR	0.410108	11	22
NAT	0.314774	11	22
AFR	0.547153	12	22
NAT	0.140232	12	22
EUR	0.037497	12	22
NAT	0.056957	13	22
AFR	0.246813	13	22
NAT	0.008009	13	22
AFR	0.029901	13	22
EUR	0.039306	13	22
AFR	0.343897	13	22
NAT	0.392016	14	22
AFR	0.023257	14	22
NAT	0.023032	14	22
AFR	0.286578	14	22
AFR	0.148398	15	22
EUR	0.075417	15	22
NAT	0.072011	15	22
EUR	0.042084	15	22
NAT	0.084098	15	22
EUR	0.087394	15	22
AFR	0.215479	15	22
EUR	0.406805	16	22
AFR	0.318077	16	22
AFR	0.074897	17	22
EUR	0.041350	17	22
AFR	0.112036	17	22
EUR	0.108786	17	22
NAT	0.068950	17	22
EUR	0.157005	17	22
NAT	0.008116	17	22
EUR	0.153742	17	22
AFR	0.251984	18	22
EUR	0.168432	18	22
NAT	0.277536	18	22
AFR	0.026930	18	22
NAT	0.200939	19	22
EUR	0.022291	19	22
NAT	0.058343	19	22
AFR	0.443309	19	22
NAT	0.045176	20	22
AFR	0.679706	20	22
AFR	0.205377	21	22
NAT	0.049780	21	22
AFR	0.119124	21	22
NAT	0.016499	21	22
AFR	0.040183	21	22
NAT	0.059838	21	22
AFR	0.234081	21	22
AFR	0.724882	22	22
AFR	0.297578	23	22
EUR	0.115184	23	22
AFR	0.085224	23	22
NAT	0.022214	23	22
AFR	0.047822	23	22
NAT	0.156861	23	22
NAT	0.034901	24	22
AFR	0.140673	24	22
NAT	0.103965	24	22
AFR	0.014468	24	22
NAT	0.069510	24	22
AFR	0.068786	24	22
NAT	0.047135	24	22
AFR	0.152733	24	22
EUR	0.092711	24	22
NAT	0.031617	25	22
AFR	0.165569	25	22
EUR	0.088424	25	22
NAT	0.031862	25	22
AFR	0.021729	25	22
NAT	0.131383	25	22
EUR	0.076939	25	22
NAT	0.137256	25	22
EUR	0.040103	25	22
AFR	0.038258	26	22
EUR	0.065272	26	22
AFR	0.131399	26	22
NAT	0.074055	26	22
EUR	0.185842	26	22
AFR	0.039342	26	22
EUR	0.190714	26	22
AFR	0.166828	27	22
EUR	0.128662	27	22
AFR	0.039097	27	22
EUR	0.089058	27	22
NAT	0.071457	27	22
AFR	0.229779	27	22
AFR	0.164557	28	22
NAT	0.042195	28	22
AFR	0.190796	28	22
EUR	0.074120	28	22
AFR	0.044899	28	22
EUR	0.009320	28	22
AFR	0.067530	28	22
EUR	0.051757	28	22
AFR	0.032783	28	22
NAT	0.046925	28	22
AFR	0.187360	29	22
NAT	0.041151	29	22
AFR	0.137028	29	22
EUR	0.239154	29	22
AFR	0.120189	29	22
EUR	0.080472	30	22
NAT	0.089382	30	22
AFR	0.193623	30	22
EUR	0.029797	30	22
AFR	0.143045	30	22
EUR	0.059215	30	22
NAT	0.003989	30	22
EUR	0.125359	30	22
EUR	0.062459	31	22
AFR	0.347204	31	22
EUR	0.017777	31	22
AFR	0.107909	31	22
EUR	0.189533	31	22
AFR	0.577330	32	22
EUR	0.147552	32	22
AFR	0.724882	33	22
AFR	0.327977	34	22
EUR	0.396905	34	22
AFR	0.172997	35	22
NAT	0.044343	35	22
EUR	0.047368	35	22
AFR	0.460174	35	22
NAT	0.724882	36	22
AFR	0.130881	37	22
NAT	0.067840	37	22
AFR	0.034185	37	22
EUR	0.023824	37	22
AFR	0.033517	37	22
EUR	0.051363	37	22
NAT	0.190479	37	22
EUR	0.192794	37	22
AFR	0.076747	38	22
EUR	0.129650	38	22
AFR	0.119717	38	22
NAT	0.268705	38	22
EUR	0.130063	38	22
NAT	0.724882	39	22
AFR	0.300892	40	22
EUR	0.047419	40	22
NAT	0.038067	40	22
EUR	0.066146	40	22
AFR	0.023405	40	22
EUR	0.101089	40	22
AFR	0.147864	40	22
NAT	0.052558	41	22
AFR	0.006693	41	22
NAT	0.029434	41	22
EUR	0.048289	41	22
AFR	0.139914	41	22
EUR	0.078726	41	22
NAT	0.045114	41	22
AFR	0.222536	41	22
NAT	0.101617	41	22
NAT	0.724882	42	22
EUR	0.094596	43	22
AFR	0.022364	43	22
EUR	0.101108	43	22
AFR	0.146721	43	22
NAT	0.044841	43	22
EUR	0.060894	43	22
AFR	0.254357	43	22
AFR	0.724882	44	22
NAT	0.009658	45	22
EUR	0.085018	45	22
AFR	0.630206	45	22
AFR	0.075457	46	22
NAT	0.123678	46	22
EUR	0.103691	46	22
NAT	0.422055	46	22
AFR	0.007146	47	22
EUR	0.027703	47	22
NAT	0.034478	47	22
AFR	0.218310	47	22
NAT	0.086371	47	22
AFR	0.350873	47	22
EUR	0.275114	48	22
AFR	0.321142	48	22
NAT	0.128626	48	22
AFR	0.724882	49	22
NAT	0.194555	50	22
AFR	0.530327	50	22
NAT	0.005745	51	22
AFR	0.388231	51	22
EUR	0.330907	51	22
AFR	0.588264	52	22
NAT	0.013414	52	22
AFR	0.123203	52	22
EUR	0.114965	53	22
AFR	0.609917	53	22
AFR	0.230603	54	22
EUR	0.012777	54	22
NAT	0.042928	54	22
AFR	0.254127	54	22
EUR	0.184448	54	22
AFR	0.501999	55	22
EUR	0.001961	55	22
AFR	0.046860	55	22
EUR	0.023061	55	22
AFR	0.031351	55	22
NAT	0.078854	55	22
EUR	0.040796	55	22
EUR	0.009481	56	22
NAT	0.001292	56	22
AFR	0.108703	56	22
NAT	0.005179	56	22
AFR	0.075373	56	22
NAT	0.113259	56	22
AFR	0.177566	56	22
NAT	0.115976	56	22
AFR	0.002370	56	22
NAT	0.099583	56	22
AFR	0.016102	56	22
NAT	0.006423	57	22
AFR	0.005529	57	22
NAT	0.457163	57	22
EUR	0.061566	57	22
NAT	0.194202	57	22
NAT	0.087627	58	22
AFR	0.122365	58	22
NAT	0.213317	58	22
AFR	0.160044	58	22
NAT	0.141530	58	22
AFR	0.281333	59	22
NAT	0.052778	59	22
AFR	0.188189	59	22
NAT	0.189684	59	22
AFR	0.012898	59	22
AFR	0.151939	60	22
NAT	0.145568	60	22
AFR	0.250467	60	22
EUR	0.176908	60	22
NAT	0.338622	61	22
AFR	0.093391	61	22
NAT	0.107091	61	22
AFR	0.185778	61	22
AFR	0.104141	62	22
NAT	0.041830	62	22
EUR	0.028425	62	22
AFR	0.109317	62	22
EUR	0.128478	62	22
NAT	0.039978	62	22
EUR	0.070732	62	22
AFR	0.201980	62	22
EUR	0.724882	63	22
AFR	0.124698	64	22
NAT	0.148573	64	22
AFR	0.053627	64	22
NAT	0.058243	64	22
AFR	0.022690	64	22
EUR	0.108357	64	22
AFR	0.127941	64	22
NAT	0.080753	64	22
AFR	0.341371	65	22
NAT	0.383511	65	22
NAT	0.105709	66	22
EUR	0.058049	66	22
AFR	0.117320	66	22
NAT	0.047618	66	22
AFR	0.059842	66	22
NAT	0.021437	66	22
AFR	0.181784	66	22
EUR	0.133124	66	22
NAT	0.014360	67	22
AFR	0.106184	67	22
NAT	0.096728	67	22
AFR	0.234605	67	22
NAT	0.038386	67	22
AFR	0.066603	67	22
NAT	0.006281	67	22
AFR	0.008331	67	22
NAT	0.058706	67	22
EUR	0.022984	67	22
NAT	0.035742	67	22
AFR	0.035974	67	22
AFR	0.244115	68	22
NAT	0.103888	68	22
AFR	0.108993	68	22
NAT	0.072611	68	22
AFR	0.030089	68	22
NAT	0.004279	68	22
EUR	0.034433	68	22
AFR	0.126474	68	22
AFR	0.724882	69	22
AFR	0.039205	70	22
EUR	0.261444	70	22
AFR	0.057672	70	22
NAT	0.116982	70	22
AFR	0.156487	70	22
NAT	0.029337	70	22
AFR	0.063754	70	22
AFR	0.307317	71	22
EUR	0.037717	71	22
AFR	0.379848	71	22
AFR	0.724882	72	22
EUR	0.035239	73	22
AFR	0.006457	73	22
EUR	0.018877	73	22
AFR	0.162623	73	22
EUR	0.014094	73	22
AFR	0.212559	73	22
EUR	0.080181	73	22
AFR	0.059670	73	22
NAT	0.016241	73	22
AFR	0.118942	73	22
NAT	0.211547	74	22
EUR	0.157803	74	22
AFR	0.355532	74	22
NAT	0.086443	75	22
AFR	0.080449	75	22
EUR	0.043918	75	22
AFR	0.155159	75	22
NAT	0.190951	75	22
AFR	0.092679	75	22
EUR	0.075283	75	22
EUR	0.348415	76	22
AFR	0.134504	76	22
EUR	0.241963	76	22
NAT	0.320455	77	22
EUR	0.384836	77	22
AFR	0.019590	77	22
AFR	0.113507	78	22
EUR	0.031049	78	22
AFR	0.001905	78	22
EUR	0.052755	78	22
AFR	0.525667	78	22
AFR	0.321813	79	22
EUR	0.063814	79	22
AFR	0.112814	79	22
NAT	0.109786	79	22
AFR	0.116656	79	22
AFR	0.579670	80	22
EUR	0.145212	80	22
EUR	0.026756	81	22
AFR	0.050849	81	22
EUR	0.173721	81	22
AFR	0.073308	81	22
EUR	0.048256	81	22
AFR	0.351992	81	22
AFR	0.384469	82	22
NAT	0.024351	82	22
AFR	0.174126	82	22
EUR	0.141936	82	22
EUR	0.262766	83	22
AFR	0.070604	83	22
EUR	0.051897	83	22
NAT	0.339615	83	22
AFR	0.044186	84	22
EUR	0.210539	84	22
AFR	0.335909	84	22
EUR	0.134248	84	22
NAT	0.075138	85	22
AFR	0.022169	85	22
EUR	0.032746	85	22
NAT	0.124853	85	22
AFR	0.160095	85	22
EUR	0.309880	85	22
EUR	0.724882	86	22
AFR	0.092360	87	22
EUR	0.033278	87	22
NAT	0.057598	87	22
AFR	0.428744	87	22
NAT	0.019665	87	22
EUR	0.018103	87	22
AFR	0.075135	87	22
AFR	0.095799	88	22
NAT	0.168653	88	22
AFR	0.007919	88	22
NAT	0.038515	88	22
AFR	0.051923	88	22
NAT	0.108573	88	22
AFR	0.025133	88	22
NAT	0.093109	88	22
AFR	0.028158	88	22
NAT	0.107099	88	22
AFR	0.113869	89	22
NAT	0.135049	89	22
AFR	0.001063	89	22
NAT	0.007409	89	22
AFR	0.001332	89	22
NAT	0.182562	89	22
AFR	0.116702	89	22
EUR	0.166896	89	22
EUR	0.027865	90	22
AFR	0.053926	90	22
EUR	0.040515	90	22
AFR	0.057064	90	22
EUR	0.001647	90	22
NAT	0.235884	90	22
AFR	0.307981	90	22
EUR	0.014520	91	22
AFR	0.001486	91	22
EUR	0.041088	91	22
NAT	0.010224	91	22
AFR	0.092237	91	22
EUR	0.092927	91	22
AFR	0.000268	91	22
EUR	0.320990	91	22
AFR	0.081958	91	22
EUR	0.069183	91	22
AFR	0.724882	92	22
EUR	0.457022	93	22
AFR	0.195227	93	22
EUR	0.072633	93	22
EUR	0.002028	94	22
NAT	0.136428	94	22
AFR	0.041497	94	22
NAT	0.174337	94	22
AFR	0.130580	94	22
EUR	0.240012	94	22
EUR	0.058387	95	22
NAT	0.666495	95	22
AFR	0.031666	96	22
NAT	0.084352	96	22
AFR	0.341354	96	22
EUR	0.068053	96	22
AFR	0.006539	96	22
EUR	0.044692	96	22
NAT	0.066235	96	22
AFR	0.081991	96	22
AFR	0.076658	97	22
NAT	0.031867	97	22
EUR	0.012093	97	22
AFR	0.348384	97	22
EUR	0.032562	97	22
NAT	0.003614	97	22
AFR	0.219704	97	22
NAT	0.275868	98	22
AFR	0.125053	98	22
NAT	0.065271	98	22
AFR	0.258691	98	22
AFR	0.188044	99	22
EUR	0.069367	99	22
AFR	0.467472	99	22
